MaxLoad = 0
TotalTime = 216.862745098
NumSegments = 2
[Segment 1]
    Distance = 0.0
    Speed = 166.0
    Altitude = 2000.0
    DeltaTemp = 15.0
    CrewWeight = 0.0
    PayloadWeight = 0.0
    MiscWeight = 0.0
    Time = 0.0
    StartTime = 0
    EndTime = 0.0
    Density = 0.002262
    DensityRatio = 0.9425
    DeltaLoad = 0.0
[Segment 2]
    Distance = 553.0
    Speed = 153.0
    Altitude = 6000.0
    DeltaTemp = 15.0
    CrewWeight = 0.0
    PayloadWeight = 0.0
    MiscWeight = 0.0
    Time = 216.862745098
    StartTime = 0.0
    EndTime = 216.862745098
    Density = 0.001998
    DensityRatio = 0.8325
    DeltaLoad = 0.0
