MaxLoad = 2900.0
TotalTime = 199.0
NumSegments = 4
[Segment 1]
    Distance = 0.5
    Speed = 1.0
    Altitude = 4500.0
    DeltaTemp = 15.0
    CrewWeight = 600.0
    PayloadWeight = 300.0
    MiscWeight = 0.0
    Time = 30.0
    StartTime = 0
    EndTime = 30.0
    Density = 0.002095125
    DensityRatio = 0.87296875
    DeltaLoad = 900.0
[Segment 2]
    Distance = 323.0
    Speed = 240.0
    Altitude = 20000.0
    DeltaTemp = 15.0
    CrewWeight = 600.0
    PayloadWeight = 300.0
    MiscWeight = 0.0
    Time = 80.75
    StartTime = 30.0
    EndTime = 110.75
    Density = 0.0012
    DensityRatio = 0.5
    DeltaLoad = 0.0
[Segment 3]
    Distance = 10.0
    Speed = 80.0
    Altitude = 6000.0
    DeltaTemp = 15.0
    CrewWeight = 600.0
    PayloadWeight = 2300.0
    MiscWeight = 0.0
    Time = 7.5
    StartTime = 110.75
    EndTime = 118.25
    Density = 0.001998
    DensityRatio = 0.8325
    DeltaLoad = 2000.0
[Segment 4]
    Distance = 323.0
    Speed = 240.0
    Altitude = 20000.0
    DeltaTemp = 15.0
    CrewWeight = 600.0
    PayloadWeight = 2300.0
    MiscWeight = 0.0
    Time = 80.75
    StartTime = 118.25
    EndTime = 199.0
    Density = 0.0012
    DensityRatio = 0.5
    DeltaLoad = 0.0
