TotalTime = 222.933333333
NumSegments = 2
[Segment 1]
    Distance = 0.16
    Speed = 1.0
    Altitude = 6000.0
    Density = 0.00195314
    DeltaTemp = 15.0
    CrewWeight = 0.0
    PayloadWeight = 0.0
    MiscWeight = 0.0
    Time = 9.6
    StartTime = 0
    EndTime = 9.6
    DensityRatio = 0.821682793437
    Kl = 0.996794871795
    AdvanceRatio = 0.00221788436268
    Kmu = 1.00001475715
    DeltaLoad = 0.0
[Segment 2]
    Distance = 544.0
    Speed = 153.0
    Altitude = 6000.0
    Density = 0.00195314
    DeltaTemp = 15.0
    CrewWeight = 0.0
    PayloadWeight = 0.0
    MiscWeight = 0.0
    Time = 213.333333333
    StartTime = 9.6
    EndTime = 222.933333333
    DensityRatio = 0.821682793437
    Kl = 0.509615384615
    AdvanceRatio = 0.33933630749
    Kmu = 1.41174399896
    DeltaLoad = 0.0
