TotalTime = 358.68525
NumSegments = 3
[Segment 1]
    Distance = 323.974
    Speed = 140.0
    Altitude = 20000.0
    DeltaTemp = 15.0
    CrewWeight = 0.0
    PayloadWeight = 4600.0
    MiscWeight = 0.0
    Time = 138.846
    StartTime = 0
    EndTime = 138.846
    Density = 0.0012
    DensityRatio = 0.5
    DeltaLoad = 4600.0
[Segment 2]
    Distance = 107.991
    Speed = 80.0
    Altitude = 6000.0
    DeltaTemp = 15.0
    CrewWeight = 0.0
    PayloadWeight = 0.0
    MiscWeight = 0.0
    Time = 80.99325
    StartTime = 138.846
    EndTime = 219.83925
    Density = 0.001998
    DensityRatio = 0.8325
    DeltaLoad = -4600.0
[Segment 3]
    Distance = 323.974
    Speed = 140.0
    Altitude = 20000.0
    DeltaTemp = 15.0
    CrewWeight = 0.0
    PayloadWeight = 0.0
    MiscWeight = 0.0
    Time = 138.846
    StartTime = 219.83925
    EndTime = 358.68525
    Density = 0.0012
    DensityRatio = 0.5
    DeltaLoad = 0.0
