MaxLoad = 0
TotalTime = 285.599999976
NumSegments = 2
[Segment 1]
    Distance = 0.16
    Speed = 1.0
    Altitude = 6000.0
    DeltaTemp = 15.0
    CrewWeight = 0.0
    PayloadWeight = 0.0
    MiscWeight = 0.0
    Time = 9.6
    StartTime = 0
    EndTime = 9.6
    Density = 0.001998
    DensityRatio = 0.8325
    DeltaLoad = 0.0
[Segment 2]
    Distance = 766.6666666
    Speed = 166.666666667
    Altitude = 6000.0
    DeltaTemp = 15.0
    CrewWeight = 0.0
    PayloadWeight = 0.0
    MiscWeight = 0.0
    Time = 275.999999976
    StartTime = 9.6
    EndTime = 285.599999976
    Density = 0.001998
    DensityRatio = 0.8325
    DeltaLoad = 0.0
