TotalTime = 389.6
NumSegments = 2
[Segment 1]
    Distance = 0.16
    Speed = 1.0
    Altitude = 6000.0
    DeltaTemp = 15.0
    CrewWeight = 0.0
    PayloadWeight = 0.0
    MiscWeight = 0.0
    Time = 9.6
    StartTime = 0
    EndTime = 9.6
    Density = 0.001998
    DensityRatio = 0.8325
    DeltaLoad = 0.0
[Segment 2]
    Distance = 844.444444444
    Speed = 133.333333333
    Altitude = 6000.0
    DeltaTemp = 15.0
    CrewWeight = 0.0
    PayloadWeight = 0.0
    MiscWeight = 0.0
    Time = 380.0
    StartTime = 9.6
    EndTime = 389.6
    Density = 0.001998
    DensityRatio = 0.8325
    DeltaLoad = 0.0
