[Sizing Results]
    SizedGrossWeight = 41847.1679688
    GrossWeight = 41847.1679688
    CouldTrim = True
    MisSize = -2.76608315784
    Nothing = 0.0
    StopReason = Converged to within specified tolerances
    GoodRun = True
    Optimized = True
[Performance]
[Main Rotor]
    Radius = 25.143110268
    NumRotors = 1
    NumBlades = 4
    TipSpeed = 670.423567568
    Kint = 1.0
    Kov = 1.0
    AirfoilFile = NACA 63-015.c81
    DragDivergenceMachNumber = 0.8
    RootChord = 2.50137461398
    TaperRatio = 0.925419080852
    TipTwist = -13.9862327954
    RootCutout = 4.0
    Omega = 26.6643052678
    DiskArea = 1986.03945837
    DiskLoading = 21.0706629178
    Solidity = 0.102545122209
[Weights]
    BaselineGrossWeight = 26500.0
    BaselineEmptyWeightFraction = 0.58
    BaselineEmptyWeight = 15500.0
    NumEngines = 2.0
    BaselineWeightPerEngine = 542.0
    BaselineDriveSystemWeightScalingFactor = 3.5
    StructureWeightTechImprovementFactor = 0.0
    EngineWeightTechImprovementFactor = 0.0
    DriveSystemWeightTechImprovementFactor = 0.0
    WingWeightTechImprovementFactor = 0.0
    UsefulLoad = 7520.0
    EmptyWeight = 26601.7666684
    scaledEngineWeight = 1353.02850705
    scaledDriveSystemWeight = 3657.60015776
    scaledWingWeight = 1821.90419977
    scaledStructureWeight = 19769.2338038
    EmptyWeightFraction = 0.635688577259
[Wing]
    SpanRadiusRatio = 3.29767889092
    WingAspectRatio = 7.77890352486
    MaxSpeed = 155.0
    WingClMax = 1.3
    WingCD0 = 0.009
    OswaldEfficiency = 0.8
    MaxWingLoadProportion = 0.9
    WingSpan = 82.913903983
    WingArea = 883.764074427
[Aux Propulsion]
    NumAuxProps = 2
    PropEfficiency = 0.9
    PropulsionFactor = 0.7
[Powerplant]
    BaselineMRP = 1000.0
    BaselineSFC = 0.337
    SFCTechImprovementFactor = 0.0
    TransmissionEfficiency = 0.05
    MRP = 11982.4020654
    MCP = 9217.23235802
    SFC = 0.270007781751
[Body]
    DragTechImprovementFactor = 0.0
    DownwashFactor = 0.07
    FlatPlateDrag = 51.1414508794
[Antitorque]
    AntitorquePowerFactor = 0.09
[Simulation]
    TimeStep = 20000.0
    MaxSteps = 1000.0
    GWMin = 1000.0
    GWmax = 100000.0
    GWTolerance = 100.0
    TrimAccuracyPercentage = 1.0
    numBladeElementSegments = 15
    PowerCurveResolution = 10.0
    HoverCeilingResolution = 100.0
[Engine Scaling]
    HoverPower = 9217.23235802
    CruisePower = 7385.25878274
[Power Curve]
[Condition]
    CruiseAltitude = 3000.0
    Weight = 34077.6472169
    Density = 0.001998
    Speed = 200.0
    Distance = 550.0
    Altitude = 6000.0
    DeltaTemp = 15.0
    CrewWeight = 0.0
    PayloadWeight = 0.0
    MiscWeight = 0.0
    Time = 165.0
    StartTime = 9.6
    EndTime = 174.6
    DensityRatio = 0.8325
    DeltaLoad = 0.0
[Trim Failure]
